2048:
(main)
11 00001 000000 00000 1 0101110111000
11 00010 000000 00000 1 0101110111100
11 00011 000000 00000 1 0101111000000

(top)
10 00000 010100 00100 1 0000000000011
00 0 0001 010 0000000000000000001010
10 00000 010100 00101 0 00000000 00110
00 0 0100 010 0000000000000000000100
01 00001 010010 00001 0 00000000 00010
01 00110 010000 00100 1 0000000000001
00 0 1000 010 0000000000000000000011

(else)
10 00001 010001 00001 0 00000000 00011
10 00101 010000 00101 1 0000000000001

(bottom)
01 00100 010000 00100 0 0000000000001
00 0 1000 010 1111111111111111110110

(done)
11 00011 000100 00000 1 0101111000000