start at line 6
2048:
11 00001 000000 00000 1 0111110100000
11 00010 000000 00000 1 0111110100100
11 00011 000000 00000 1 0111110101000

10 00000 010000 00010 0 00000000 00011
10 00100 010000 00001 0 00000000 00000
10 00010 010100 00010 0 00000000 00100

11 00000 000100 00000 1 0111110100000
11 00010 000100 00000 1 0111110101100

10 00000 111000 01111 1 0000000000100

4000:
00000000000000000000000000001111
00000000000000000000000000110110
11111111111111111111111111100011
00000000000000000000000000000000

r4 = [a] = 15